Prop ID,Inspection_count,Condition_rated_U,Cleanliness_rated_U
B001,4,1,1
B002,3,1,1
B003,1,0,0
B006,1,0,0
B007,3,1,1
B007-01,3,0,0
B008,3,1,0
B008-03,3,0,0
B012,3,0,0
B012-02,2,0,0
B012-03,2,0,0
B016,3,1,1
B016-01,3,1,1
B016-02,3,0,0
B017,3,1,1
B018-01,3,0,0
B018-02,3,1,1
B018-ZN01,3,1,0
B018-ZN02,2,0,0
B018-ZN03,3,0,0
B018-ZN04,2,1,1
B019,3,1,0
B021,3,0,0
B021-01,2,0,0
B022,3,1,1
B023,3,1,1
B024,1,0,0
B025,3,1,1
B025-01,3,0,0
B026,3,1,0
B027,1,0,0
B028-01,2,0,0
B028-03,2,1,0
B028-ZN01,3,1,1
B028-ZN02,2,1,1
B029-ZN01,2,0,0
B029-ZN02,3,0,0
B029-ZN03,3,0,0
B029-ZN04,3,0,0
B029-ZN05,2,1,1
B029-ZN06,2,0,0
B031,2,0,0
B032-01,3,0,0
B032-02,3,0,0
B032-ZN01,3,1,0
B032-ZN02,3,1,0
B032-ZN03,3,0,0
B033,1,0,0
B035,2,1,1
B036,1,0,0
B037,1,0,0
B038,2,1,0
B041,2,0,0
B042,3,1,1
B043,2,0,0
B044,2,0,0
B045,2,0,0
B049,2,0,0
B050,3,1,1
B051,3,0,0
B052,3,1,1
B052-01,2,0,0
B052-02,2,1,1
B052-03,2,1,1
B054-01,2,0,0
B054-ZN01,2,1,1
B054-ZN02,3,1,1
B054-ZN03,3,0,0
B055,2,1,1
B056,3,0,0
B057-03,2,0,0
B057-04,3,0,0
B057-05,3,1,1
B057-06,2,0,0
B057-ZN01,2,0,0
B057-ZN02,3,0,0
B057-ZN03,2,0,0
B057-ZN04,3,0,0
B057-ZN05,2,0,0
B057-ZN06,3,1,1
B057-ZN07,3,1,1
B058-01,3,1,1
B058-ZN01,3,1,1
B058-ZN02,3,1,1
B058-ZN03,2,1,0
B058-ZN04,3,0,0
B058-ZN05,3,0,0
B058-ZN06,3,0,0
B060,2,0,0
B060-01,3,1,0
B061,3,0,0
B062,1,0,0
B063,1,1,0
B065-ZN01,3,1,1
B065-ZN02,2,0,0
B065-ZN03,3,1,0
B065-ZN04,2,1,1
B065-ZN05,2,1,1
B065-ZN06,2,0,0
B065-ZN07,2,1,1
B065-ZN08,3,0,0
B065-ZN09,3,1,1
B065-ZN10,3,1,0
B066,3,1,1
B066-01,2,0,0
B066-02,3,0,0
B068-01,3,1,0
B070,2,0,0
B073-02,2,1,1
B073-02D,2,0,0
B073-07,3,0,0
B073-09,3,1,1
B073-10,2,0,0
B073-20,2,0,0
B073-ZN01,3,1,1
B073-ZN02,2,0,0
B073-ZN03,3,0,0
B073-ZN04,2,0,0
B073-ZN05,3,1,1
B073-ZN06,2,0,0
B073-ZN07,2,0,0
B073-ZN08,3,1,1
B073-ZN09,3,1,1
B073-ZN10,3,0,0
B073-ZN11,2,0,0
B073-ZN12,2,1,1
B073-ZN13,2,0,0
B073-ZN14,3,0,0
B073-ZN15,2,0,0
B073-ZN16,2,0,0
B073-ZN17,3,1,0
B073-ZN18,3,0,0
B073-ZN19,2,1,1
B073-ZN20,3,1,0
B073-ZN21,2,0,0
B073-ZN22,3,1,1
B073-ZN23,2,0,0
B073-ZN24,3,1,0
B073-ZN25,2,0,0
B073-ZN26,3,0,0
B073-ZN27,2,1,0
B073-ZN28,2,1,1
B073-ZN29,2,1,0
B077,2,0,0
B077-01,2,0,0
B078,2,0,0
B079,2,1,0
B080,3,1,0
B080-01,3,0,0
B082-01B,2,0,0
B082-02,2,0,0
B082-ZN01,2,0,0
B082-ZN02,2,1,1
B082-ZN03,2,1,1
B082-ZN04,2,0,0
B082-ZN05,2,1,0
B087,2,1,0
B087-01,3,0,0
B088,3,0,0
B088-02,2,0,0
B088-03,2,1,0
B089,2,0,0
B090,3,1,1
B093,2,0,0
B094,2,0,0
B095,3,0,0
B097,2,0,0
B098,2,0,0
B099,3,0,0
B100,3,1,1
B100-02,1,0,0
B102,2,0,0
B103,2,0,0
B105,2,1,1
B106A,2,0,0
B106B,2,1,0
B107,3,0,0
B109,3,1,1
B110,2,1,0
B111,2,0,0
B111A,3,1,0
B113A,3,1,0
B113B,2,0,0
B113C,1,0,0
B113D,1,0,0
B113E,1,0,0
B114,2,1,0
B114-01,2,0,0
B115,2,0,0
B116,1,0,0
B117,1,1,0
B118A,3,0,0
B118B,2,1,1
B121,2,0,0
B123,1,0,0
B124,2,1,1
B125-01,2,0,0
B125-ZN01,3,1,1
B125-ZN02,3,1,1
B126-01,2,1,1
B126-ZN01,2,0,0
B126-ZN02,3,0,0
B126-ZN03,2,0,0
B126-ZN04,3,0,0
B126-ZN05,2,0,0
B126-ZN06,2,0,0
B126-ZN07,2,0,0
B126A,1,0,0
B127,2,1,1
B128,3,0,0
B129-01,3,0,0
B129-ZN01,2,1,1
B129-ZN02,2,1,1
B130,2,1,0
B131,2,0,0
B132,2,1,1
B135,2,1,1
B137,2,0,0
B139,2,0,0
B140,3,1,1
B141,3,1,0
B142,3,1,1
B144,2,1,1
B145,2,1,0
B146,2,1,1
B147,2,1,0
B148,2,0,0
B149A,2,0,0
B149B,3,1,0
B150,3,1,0
B151,3,0,0
B152,2,0,0
B153,2,1,1
B154,2,0,0
B155,1,0,0
B156,2,0,0
B157,2,0,0
B158,3,0,0
B159,2,0,0
B159-01,3,0,0
B160,1,0,0
B161,2,0,0
B162,2,0,0
B163,2,0,0
B164,2,1,0
B166B,2,1,0
B166C-ZN01,2,0,0
B166C-ZN02,3,1,1
B166D,2,1,1
B166D-01,3,0,0
B166E,1,0,0
B167,2,0,0
B167A,2,1,1
B168,2,1,1
B169-ZN01A,2,1,1
B169-ZN01B,2,0,0
B169-ZN02A,3,1,1
B169-ZN02B,3,0,0
B169-ZN03A,2,0,0
B169-ZN03B,2,0,0
B169-ZN04A,3,0,0
B169-ZN04B,3,0,0
B169-ZN05A,2,0,0
B169-ZN05B,3,0,0
B169-ZN06A,2,0,0
B169-ZN06B,2,0,0
B169-ZN07A,3,0,0
B169-ZN07B,2,0,0
B169-ZN07C,2,0,0
B169A,3,1,0
B169B,3,0,0
B171,1,0,0
B172,2,0,0
B173,2,0,0
B174,1,0,0
B175,1,0,0
B176,1,0,0
B178,2,0,0
B179,1,0,0
B180,2,0,0
B182,1,0,0
B184,2,0,0
B190,2,0,0
B191,1,0,0
B192,3,0,0
B192A,3,1,1
B193,2,1,1
B194,1,0,0
B196,1,0,0
B197,2,0,0
B200,2,0,0
B202,1,0,0
B205,2,0,0
B206,2,0,0
B207,3,0,0
B208,2,0,0
B209,3,0,0
B210A,2,1,1
B210B,2,1,0
B210C,1,0,0
B210F,2,0,0
B210G,1,0,0
B210H,2,0,0
B210I,2,1,0
B210J,3,0,0
B210P,2,1,1
B210Q,1,0,0
B210W,2,0,0
B211,1,0,0
B212,2,0,0
B213,2,0,0
B214-01,3,1,0
B214-02,3,1,0
B215,3,0,0
B216,3,1,0
B217,2,1,1
B218,3,0,0
B219,2,1,0
B220,3,1,0
B221,3,0,0
B222,3,0,0
B223A,2,0,0
B223B,2,0,0
B223DA,2,0,0
B223DK,2,0,0
B223E,1,0,0
B223F,3,0,0
B223G,1,0,0
B223H,2,0,0
B223I,1,0,0
B223IA,1,0,0
B223IB,1,0,0
B223JB,2,1,0
B223JC,2,1,0
B223K,1,1,1
B223MA,1,0,0
B223NA,2,0,0
B223NB,1,0,0
B223NC,2,1,0
B223OB,2,1,1
B223OC,3,0,0
B223PA,2,1,1
B223PB,2,0,0
B223PC,2,0,0
B223PD,1,0,0
B223PE,3,1,0
B223QA,2,1,1
B223QB,1,0,0
B223QC,2,0,0
B223R,2,0,0
B223S,2,1,0
B223T,1,0,0
B223V,1,0,0
B224,3,1,0
B225,2,1,0
B226,1,0,0
B227,2,0,0
B228,2,1,0
B229,1,0,0
B230,3,0,0
B231,1,0,0
B232,3,0,0
B233,2,0,0
B234,3,0,0
B235,2,0,0
B236,2,1,1
B237,3,1,1
B239,3,1,1
B240,2,0,0
B242,1,0,0
B243,2,0,0
B244,2,0,0
B245,2,0,0
B245-02,2,0,0
B246,2,0,0
B247,2,1,1
B247-01,2,0,0
B248,2,1,1
B249,3,1,1
B250,2,1,1
B251-04,3,0,0
B251-08,2,0,0
B251-ZN01,3,0,0
B251-ZN02,2,1,1
B251-ZN03,2,1,1
B252,2,1,0
B253,2,0,0
B254,2,0,0
B255C,2,0,0
B255D,1,0,0
B255E,2,1,0
B255F,1,0,0
B255G,2,1,0
B255H,2,0,0
B255J,2,0,0
B255K,1,1,0
B255L,1,0,0
B255M,1,1,0
B255N,2,0,0
B255O,1,0,0
B257,2,1,1
B258,2,1,1
B259,2,0,0
B260,2,0,0
B261,2,0,0
B262,3,1,1
B263,2,1,1
B264,2,1,1
B265,2,0,0
B266,3,1,1
B267,3,1,1
B268,3,0,0
B269,2,1,0
B270,2,0,0
B271,3,0,0
B272,2,0,0
B273,1,0,0
B274,2,0,0
B275,2,1,1
B276,1,0,0
B277,2,1,1
B278,1,0,0
B279,2,1,0
B282,2,0,0
B283,2,0,0
B284,2,0,0
B285,3,0,0
B286,2,1,1
B287,2,1,0
B288,3,1,0
B289,1,0,0
B290,2,1,0
B291,2,0,0
B292,3,0,0
B293,2,1,1
B294,2,1,0
B295,2,0,0
B296,2,1,0
B297,2,0,0
B298,2,0,0
B300,2,0,0
B301,2,1,1
B302,2,1,1
B304,2,1,0
B305,2,0,0
B306,2,0,0
B307,2,0,0
B308,3,1,0
B309,2,0,0
B310,2,1,1
B311,2,1,0
B312,2,0,0
B313,2,0,0
B315,2,1,1
B316,2,0,0
B317,3,0,0
B320,3,0,0
B321,2,0,0
B322,2,1,1
B323,2,0,0
B324,3,1,1
B325,2,0,0
B326,2,0,0
B329,3,0,0
B329-01,2,0,0
B330,3,0,0
B331,2,0,0
B332,2,1,1
B334,3,0,0
B335,2,1,1
B337,2,1,0
B338,1,1,1
B339,2,0,0
B340,2,1,1
B342,2,1,0
B343,2,0,0
B345,2,0,0
B346,2,0,0
B347,2,0,0
B348,2,0,0
B349,2,0,0
B350,2,0,0
B352,2,0,0
B353,3,0,0
B356,3,0,0
B357,3,1,0
B358,2,1,0
B359,2,1,0
B360,3,1,1
B361,2,0,0
B362,2,1,0
B363,3,1,1
B364,2,0,0
B366,2,0,0
B367,2,0,0
B369-01,1,0,0
B371-ZN01,2,1,1
B372,2,1,0
B375,2,0,0
B376,2,0,0
B377,2,1,1
B378,1,0,0
B379,2,1,1
B380,3,1,0
B381,2,0,0
B382A,2,1,0
B382B,3,1,0
B384,2,1,1
B385,2,0,0
B386,2,1,0
B387,1,1,0
B388,1,0,0
B389,2,0,0
B390,2,0,0
B391,2,0,0
B392,2,0,0
B395,2,1,0
B396,2,1,1
B397,2,1,1
B401,2,0,0
B402,2,0,0
B403,2,0,0
B404,2,0,0
B405,2,1,1
B407,2,0,0
B418,2,0,0
B419,3,1,1
B429,2,0,0
B430,2,0,0
B431-01,2,0,0
B431-ZN06,3,1,0
B432,2,0,0
B529,2,0,0
B536,2,0,0
B537,1,0,0
BT10,1,0,0
BT11,2,0,0
BT14,1,0,0
BT15,2,0,0
BZ03,1,0,0
BZ04,1,0,0
BZ07,2,0,0
BZ08,2,0,0
BZ10,2,1,0
BZ100,2,0,0
BZ102,1,0,0
BZ103,1,0,0
BZ104,1,0,0
BZ105,1,0,0
BZ106,2,0,0
BZ11,1,0,0
BZ110,2,0,0
BZ114,2,0,0
BZ12,2,0,0
BZ126,1,0,0
BZ128,1,0,0
BZ129,1,0,0
BZ13,1,0,0
BZ130,1,0,0
BZ132,1,0,0
BZ135,1,0,0
BZ136,2,0,0
BZ137,1,0,0
BZ138,1,0,0
BZ140,1,0,0
BZ141,1,0,0
BZ142,1,0,0
BZ143,1,0,0
BZ15,1,0,0
BZ150,1,0,0
BZ151,2,0,0
BZ152,1,0,0
BZ153,1,0,0
BZ155,1,1,0
BZ158,2,0,0
BZ159,1,0,0
BZ16,1,0,0
BZ160,1,1,0
BZ161,1,0,0
BZ162,2,0,0
BZ17,1,0,0
BZ173,1,0,0
BZ176,2,0,0
BZ177,1,0,0
BZ18,2,0,0
BZ19,1,0,0
BZ195,2,0,0
BZ20,1,0,0
BZ200,1,0,0
BZ201,2,0,0
BZ202,1,0,0
BZ203,1,0,0
BZ206,1,0,0
BZ207,1,0,0
BZ21,1,0,0
BZ214,1,0,0
BZ215,1,0,0
BZ217,1,0,0
BZ218,1,1,0
BZ219,1,0,0
BZ22,1,0,0
BZ221,1,0,0
BZ222,2,0,0
BZ223,1,0,0
BZ224,1,0,0
BZ225,2,0,0
BZ226,1,0,0
BZ227,1,0,0
BZ228,2,0,0
BZ23,1,0,0
BZ230,1,0,0
BZ231,2,0,0
BZ232,1,0,0
BZ235,1,0,0
BZ236,1,0,0
BZ237,1,0,0
BZ238,1,0,0
BZ239,2,0,0
BZ24,1,0,0
BZ240,2,0,0
BZ241,1,1,0
BZ242,2,0,0
BZ243,1,0,0
BZ244,1,0,0
BZ245,1,0,0
BZ246,2,0,0
BZ247,1,1,1
BZ248,1,0,0
BZ25,2,0,0
BZ250,1,0,0
BZ251,1,0,0
BZ253,1,0,0
BZ254,1,0,0
BZ255,1,0,0
BZ256,1,0,0
BZ257,1,0,0
BZ258,2,0,0
BZ26,1,0,0
BZ260,2,0,0
BZ261,1,0,0
BZ262,1,0,0
BZ263,1,0,0
BZ264,2,0,0
BZ265,1,0,0
BZ266,1,0,0
BZ267,1,0,0
BZ268,1,0,0
BZ27,1,0,0
BZ270,2,0,0
BZ272,1,0,0
BZ273,2,1,0
BZ274,1,0,0
BZ275,1,0,0
BZ276,1,0,0
BZ278,1,0,0
BZ28,1,0,0
BZ280,1,0,0
BZ281,1,0,0
BZ282,1,0,0
BZ283,2,0,0
BZ284,1,0,0
BZ285,1,0,0
BZ286,1,0,0
BZ287,1,0,0
BZ288,1,0,0
BZ289,2,1,0
BZ29,2,0,0
BZ290,1,0,0
BZ291,1,0,0
BZ293,1,0,0
BZ294,1,0,0
BZ297,3,0,0
BZ298,1,0,0
BZ299,1,0,0
BZ30,1,0,0
BZ300,1,0,0
BZ301,1,0,0
BZ302,2,0,0
BZ307,1,0,0
BZ309,1,0,0
BZ31,2,0,0
BZ316,1,0,0
BZ32,1,0,0
BZ321,1,0,0
BZ322,1,0,0
BZ323,1,0,0
BZ324,1,0,0
BZ325,1,0,0
BZ326,2,0,0
BZ327,1,0,0
BZ33,2,0,0
BZ330,2,0,0
BZ335,1,0,0
BZ336,1,0,0
BZ337,1,0,0
BZ338,2,0,0
BZ339,1,0,0
BZ34,2,0,0
BZ340,2,0,0
BZ341,2,0,0
BZ342,1,0,0
BZ343,1,0,0
BZ346,1,0,0
BZ349,2,0,0
BZ35,1,0,0
BZ351,1,0,0
BZ353,2,0,0
BZ354,2,0,0
BZ355,2,0,0
BZ358,2,1,0
BZ359,1,0,0
BZ36,1,0,0
BZ360,1,0,0
BZ361,1,0,0
BZ367,2,0,0
BZ369,1,0,0
BZ37,2,0,0
BZ370,1,1,0
BZ371,1,1,0
BZ372,2,0,0
BZ373,1,0,0
BZ374,2,0,0
BZ375,1,0,0
BZ376,2,0,0
BZ377,2,0,0
BZ378,2,0,0
BZ38,1,0,0
BZ383,1,0,0
BZ384,1,0,0
BZ385,1,0,0
BZ386,1,1,0
BZ387,1,0,0
BZ388,1,0,0
BZ389,1,0,0
BZ39,1,0,0
BZ390,1,0,0
BZ391,2,0,0
BZ40,1,0,0
BZ410,2,1,0
BZ42,2,0,0
BZ43,1,1,1
BZ44,2,0,0
BZ45,1,0,0
BZ46,2,0,0
BZ47,2,0,0
BZ48,1,0,0
BZ49,1,0,0
BZ495,1,0,0
BZ496,1,0,0
BZ50,2,0,0
BZ505,2,1,1
BZ51,1,0,0
BZ52,2,0,0
BZ525,1,0,0
BZ527,1,0,0
BZ53,1,0,0
BZ54,1,0,0
BZ55,2,0,0
BZ57,1,0,0
BZ58,1,0,0
BZ59,2,0,0
BZ595,2,0,0
BZ60,2,0,0
BZ61,1,0,0
BZ62,1,0,0
BZ63,1,1,0
BZ64,1,1,0
BZ65,1,0,0
BZ66,1,0,0
BZ67,1,0,0
BZ68,1,0,0
BZ69,2,1,0
BZ70,2,0,0
BZ71,1,0,0
BZ72,1,0,0
BZ73,2,0,0
BZ74,1,0,0
BZ75,2,0,0
BZ77,1,0,0
BZ78,1,0,0
BZ79,1,0,0
BZ80,1,0,0
BZ81,1,1,0
BZ82,1,0,0
BZ84,1,0,0
BZ85,1,0,0
BZ86,2,0,0
BZ87,1,0,0
BZ88,2,0,0
BZ91,1,0,0
BZ93A,1,0,0
BZ93B,2,0,0
BZ96,2,0,0
BZ97,1,0,0
BZ98,1,0,0
BZ99,1,1,1
M001,2,0,0
M002,1,0,0
M003,3,0,0
M004,2,1,1
M005-02,4,0,0
M005-06,1,0,0
M005-ZN01,3,0,0
M005-ZN02,3,0,0
M006,2,0,0
M007,2,0,0
M008,3,0,0
M009,3,0,0
M010-01,2,0,0
M010-02,1,0,0
M010-031,3,0,0
M010-048,3,0,0
M010-059,2,0,0
M010-089,3,0,0
M010-090,3,0,0
M010-103,3,0,0
M010-143,3,0,0
M010-145,3,0,0
M010-151,3,0,0
M010-164,3,0,0
M010-167,2,0,0
M010-169,3,0,0
M010-176,2,0,0
M010-187,3,0,0
M010-188,2,0,0
M010-193,2,0,0
M010-195,2,0,0
M010-202,3,0,0
M010-207,2,0,0
M010-241,2,0,0
M010-247,1,0,0
M010-ZN01,3,0,0
M010-ZN02&4,3,0,0
M010-ZN03,3,0,0
M010-ZN05,2,0,0
M010-ZN06,3,1,1
M010-ZN07,3,0,0
M010-ZN08,3,0,0
M010-ZN09,2,0,0
M010-ZN10&11,3,1,0
M010-ZN12&13,3,0,0
M010-ZN14,2,0,0
M010-ZN15,3,0,0
M010-ZN16,2,0,0
M010-ZN17,2,0,0
M010-ZN18&19,3,0,0
M010-ZN20,3,0,0
M010-ZN21,2,0,0
M010-ZN24&25,2,0,0
M010-ZN26,2,0,0
M010-ZN27,3,0,0
M010-ZN28,2,0,0
M010-ZN29,2,0,0
M010-ZN30,3,1,0
M010-ZN31,2,0,0
M010-ZN32,2,0,0
M010-ZN33,2,0,0
M010-ZN34,3,0,0
M010-ZN35,3,0,0
M010-ZN36,3,0,0
M010-ZN37,2,0,0
M010-ZN38,2,0,0
M010-ZN39,3,1,1
M010-ZN40,3,0,0
M010-ZN41,3,0,0
M010-ZN42&43,2,0,0
M010-ZN44,3,1,1
M010-ZN45,2,0,0
M010-ZN46,3,0,0
M010-ZN47,3,0,0
M010-ZN48,2,0,0
M011,3,1,0
M012,1,0,0
M013,2,0,0
M014,2,1,1
M014-02,2,1,0
M014-03,2,0,0
M015,2,0,0
M016,1,0,0
M017,3,1,1
M018,3,1,1
M019,2,1,1
M020,1,0,0
M021,2,0,0
M022,3,1,0
M023,1,1,1
M024,1,0,0
M025,1,0,0
M027,2,0,0
M028-02,3,0,0
M028-03,3,1,0
M028-ZN01A,2,0,0
M028-ZN01B,3,1,0
M028-ZN02A,2,0,0
M028-ZN02B,2,1,1
M028-ZN04,3,1,1
M029-01,2,1,0
M029-02,2,0,0
M029-10,1,0,0
M029-ZN01,3,0,0
M029-ZN02,2,0,0
M029-ZN03,2,1,1
M029-ZN04,3,1,1
M029-ZN05,3,0,0
M029-ZN06,2,0,0
M030,1,0,0
M031,2,1,1
M032,2,0,0
M033,2,1,1
M034,1,0,0
M035,1,0,0
M036,1,0,0
M037-01,2,0,0
M037-03,2,0,0
M037-04,2,0,0
M037-05B,2,0,0
M037-08,2,0,0
M037-09,2,0,0
M037-10,2,1,0
M037-11,1,0,0
M037-ZN01,2,1,1
M037-ZN02,3,1,1
M037-ZN03,2,1,0
M037-ZN04,2,1,1
M037-ZN05,3,1,1
M037-ZN06,3,1,1
M037-ZN07,2,1,1
M037-ZN08,3,1,1
M037-ZN09,2,1,0
M037-ZN10,3,0,0
M038,3,1,1
M039-ZN01,3,1,1
M040,1,0,0
M041,3,1,1
M042-01,2,0,0
M042-02,3,1,0
M042-03,2,0,0
M042-ZN01,2,1,1
M042-ZN02,2,0,0
M042-ZN03,3,1,1
M042-ZN04,2,1,1
M042-ZN05,3,1,1
M042-ZN06,3,1,1
M042-ZN07,3,0,0
M042-ZN08,3,1,0
M043-ZN01,2,0,0
M043-ZN02,2,1,1
M044,1,0,0
M045,3,1,1
M046,3,0,0
M047,2,0,0
M047-01,2,1,1
M047-03,2,0,0
M051,2,0,0
M052,2,0,0
M052-02,3,0,0
M053,3,0,0
M054,1,0,0
M055,1,0,0
M056-01,3,0,0
M056-02,2,0,0
M056-03,2,0,0
M056-04,2,0,0
M056-ZN01,2,1,0
M056-ZN02,2,0,0
M056-ZN03,3,1,1
M056-ZN04,2,1,0
M056-ZN05,2,1,1
M058-01,3,0,0
M058-06,2,0,0
M058-07,2,0,0
M058-ZN01,2,0,0
M058-ZN02,2,1,0
M058-ZN03,2,1,1
M059,2,0,0
M060C-01,2,0,0
M061,2,0,0
M064,3,0,0
M065,3,1,1
M066,2,0,0
M067,2,0,0
M069,3,1,0
M070,2,0,0
M071-03,3,1,0
M071-04,2,0,0
M071-08,2,0,0
M071-13,3,0,0
M071-16,3,0,0
M071-31,2,0,0
M071-34,2,0,0
M071-36,2,0,0
M071-37,2,0,0
M071-38,2,0,0
M071-ZN01,2,0,0
M071-ZN02,2,1,1
M071-ZN03,3,0,0
M071-ZN04,2,0,0
M071-ZN05,2,0,0
M071-ZN06,2,0,0
M071-ZN07,2,1,1
M071-ZN08,2,0,0
M071-ZN09,3,0,0
M071-ZN10,2,0,0
M071-ZN11,3,0,0
M071-ZN12,3,0,0
M071-ZN13,3,1,0
M071-ZN14,3,1,0
M071-ZN15,2,0,0
M071-ZN16,2,0,0
M071-ZN17,2,0,0
M071-ZN18,3,0,0
M071-ZN19,2,0,0
M071-ZN20,3,0,0
M071-ZN21,3,0,0
M071-ZN22,3,0,0
M071-ZN23,3,0,0
M071-ZN24,2,0,0
M071-ZN25,2,0,0
M072-01,2,1,0
M072-03,2,0,0
M072-ZN26,2,1,1
M072-ZN27,2,0,0
M072-ZN28,2,1,1
M072-ZN29,2,0,0
M076,3,0,0
M077-02,2,0,0
M077-03,2,0,0
M077-04,3,0,0
M077-ZN01,3,1,1
M077-ZN02,2,1,1
M077-ZN03,3,1,1
M077-ZN04,2,1,1
M079,2,0,0
M080,1,0,0
M081-02,3,1,0
M081-ZN01,2,0,0
M081-ZN02,2,0,0
M082,2,1,1
M083,2,0,0
M085,2,0,0
M086,2,1,0
M087,3,0,0
M088,2,1,0
M088-01,2,0,0
M088-03,2,0,0
M089,2,1,0
M089-01,2,0,0
M090,1,0,0
M093,1,0,0
M095-ZN01,3,0,0
M095-ZN02,3,0,0
M095-ZN03,2,0,0
M095-ZN04,3,0,0
M095-ZN05,3,0,0
M095-ZN06,2,0,0
M095-ZN07,2,0,0
M095-ZN08,2,0,0
M097,2,0,0
M098-01,2,0,0
M098-02,2,0,0
M098-03,2,0,0
M098-ZN01,2,0,0
M098-ZN02,2,0,0
M099,2,1,1
M099-01,2,0,0
M101,1,0,0
M104-ZN01,2,0,0
M104-ZN02,2,0,0
M104-ZN03,2,0,0
M104-ZN04,2,0,0
M105,2,1,0
M105-01,2,0,0
M105-02,1,0,0
M105-04,2,0,0
M105-08,2,0,0
M107-01,2,0,0
M107-ZN05,3,0,0
M107-ZN06,2,0,0
M107-ZN07,2,1,1
M107-ZN08,3,1,1
M108F,1,1,1
M108G,2,1,0
M108H,1,0,0
M108N,2,0,0
M108P-03,1,0,0
M108P-04,2,0,0
M108P-05,1,0,0
M108P-06,2,0,0
M108P-07,2,0,0
M108Q,3,0,0
M108T,1,0,0
M108T01,1,1,1
M110,2,1,0
M111,2,0,0
M113,2,0,0
M116,3,0,0
M120A,2,0,0
M120B,2,0,0
M122,2,0,0
M123,1,0,0
M124,2,1,1
M125A,1,0,0
M125B,2,0,0
M125C,2,0,0
M125D,2,0,0
M125E,2,0,0
M127,2,0,0
M132,2,1,0
M138,2,0,0
M140-01,3,1,0
M141,2,0,0
M144-01,2,1,1
M144-ZN01,2,1,0
M144-ZN02,2,0,0
M144-ZN03,2,0,0
M144-ZN04,2,0,0
M144-ZN05,2,0,0
M144-ZN06,2,0,0
M145,1,0,0
M148,2,0,0
M154,3,0,0
M155,2,1,0
M156,1,0,0
M158,2,0,0
M159,2,1,0
M160,2,0,0
M161,2,0,0
M164,2,0,0
M165,3,1,1
M166,1,1,1
M169,2,0,0
M170,2,0,0
M171,3,1,0
M172,1,0,0
M178,2,0,0
M180,2,0,0
M183,3,1,1
M184,3,0,0
M186,3,1,0
M187,2,1,1
M188,1,0,0
M188A,1,0,0
M189,1,0,0
M190,2,0,0
M191,2,0,0
M192,2,0,0
M193,3,0,0
M194,2,0,0
M195,3,0,0
M196,2,0,0
M198,2,1,1
M199,2,1,1
M200,2,0,0
M200A,2,0,0
M201,2,0,0
M203A,2,0,0
M203B,2,0,0
M203C,1,0,0
M203D,3,0,0
M203E,2,0,0
M204,2,0,0
M205,2,0,0
M206,3,1,1
M207,2,0,0
M208A,3,1,0
M208C,1,0,0
M208D-01,2,0,0
M208D-02,2,1,0
M208E,2,1,1
M208F,1,1,1
M208G,1,0,0
M211A,2,1,0
M211B,2,0,0
M212,1,0,0
M213,2,0,0
M214,3,1,1
M215,2,0,0
M216,2,1,1
M217,2,0,0
M218,2,0,0
M219,2,0,0
M220,2,1,0
M221,2,0,0
M222,2,0,0
M223,2,1,0
M224,1,0,0
M225,2,1,0
M226,3,0,0
M227,2,0,0
M228,3,1,0
M229,2,0,0
M230,2,0,0
M231,2,0,0
M233,2,0,0
M234,2,0,0
M235,3,0,0
M236,2,1,0
M237,3,1,0
M238,2,1,0
M239,2,1,1
M240,3,1,1
M241,2,1,0
M242,2,0,0
M243,2,0,0
M244,2,0,0
M245,2,1,0
M246,2,0,0
M247,1,0,0
M249,2,0,0
M251,3,0,0
M254,1,0,0
M255,2,0,0
M256,2,0,0
M257,2,0,0
M258,2,0,0
M259,2,0,0
M262,2,0,0
M263,3,1,1
M264,2,0,0
M265,2,0,0
M270,2,1,0
M273-01,2,0,0
M277,3,0,0
M279,1,1,1
M280,2,0,0
M282,1,0,0
M283-01,2,0,0
M283-02,2,0,0
M283-03,3,0,0
M283-ZN01,3,0,0
M283-ZN02,3,0,0
M283A,3,0,0
M284,3,0,0
M285,2,1,0
M286-01,2,0,0
M287,2,0,0
M288,2,0,0
M289,1,0,0
M290,2,1,0
M292,2,0,0
M294,2,0,0
M295,2,0,0
M300,2,0,0
M301,2,0,0
M302,3,0,0
M303,3,0,0
M304,3,0,0
M308,2,1,0
M321,2,0,0
M353-01,2,0,0
M353-ZN01,2,0,0
M353-ZN02,2,0,0
M353-ZN03,3,1,0
M355,2,0,0
M360-ZN01,2,0,0
M360-ZN02,2,0,0
M376,1,0,0
M378,3,0,0
M379,1,0,0
M385,1,0,0
M386,3,0,0
M391-ZN01,3,0,0
M391-ZN02,2,1,1
M395,2,0,0
MT01,2,0,0
MT04,1,0,0
MT09,2,0,0
MT10,2,0,0
MZ02,1,0,0
MZ07,1,0,0
MZ08,1,0,0
MZ100,1,0,0
MZ101,1,0,0
MZ102,2,0,0
MZ103,1,0,0
MZ104,2,0,0
MZ105,1,0,0
MZ111,1,0,0
MZ112,2,0,0
MZ114,2,0,0
MZ115,1,0,0
MZ12,1,0,0
MZ121,1,0,0
MZ122,1,0,0
MZ123,1,0,0
MZ126,2,0,0
MZ13,1,0,0
MZ130,1,0,0
MZ131,1,0,0
MZ133,1,0,0
MZ134,1,0,0
MZ14,1,1,0
MZ144,1,1,0
MZ153,2,0,0
MZ156,1,0,0
MZ15A,1,0,0
MZ15B,2,0,0
MZ163,1,0,0
MZ166,1,0,0
MZ168,1,0,0
MZ170,1,0,0
MZ172,1,1,0
MZ173,1,0,0
MZ174,2,0,0
MZ175,1,0,0
MZ181,1,0,0
MZ185,2,1,1
MZ188,1,0,0
MZ191,1,0,0
MZ192,2,0,0
MZ194,2,0,0
MZ197,1,0,0
MZ198,1,0,0
MZ199,1,0,0
MZ20,1,0,0
MZ200,2,0,0
MZ201,2,0,0
MZ202,1,1,0
MZ203,1,0,0
MZ204,1,0,0
MZ205,1,0,0
MZ206,1,0,0
MZ207,1,0,0
MZ208,1,0,0
MZ21,2,0,0
MZ210,1,0,0
MZ212,2,0,0
MZ213,1,0,0
MZ216,2,0,0
MZ218,1,0,0
MZ22,2,0,0
MZ220,1,0,0
MZ224,1,0,0
MZ226,1,1,0
MZ23,1,0,0
MZ230,2,0,0
MZ239,2,1,1
MZ24,1,0,0
MZ240,1,0,0
MZ243,2,0,0
MZ244,1,0,0
MZ245,1,0,0
MZ246,1,0,0
MZ247,2,0,0
MZ248,1,0,0
MZ249,2,0,0
MZ25,2,0,0
MZ250,1,0,0
MZ251,2,0,0
MZ252,1,0,0
MZ253,2,0,0
MZ255,1,0,0
MZ256,2,0,0
MZ257,1,0,0
MZ258,1,0,0
MZ259,1,0,0
MZ260,1,0,0
MZ261,1,0,0
MZ262,1,0,0
MZ264,2,0,0
MZ265,1,0,0
MZ267,2,0,0
MZ269,2,0,0
MZ27,1,0,0
MZ272,1,0,0
MZ280,1,0,0
MZ282,1,0,0
MZ29,2,0,0
MZ30,2,0,0
MZ306,1,0,0
MZ33,1,0,0
MZ34,1,0,0
MZ35,2,0,0
MZ36,1,0,0
MZ383,1,0,0
MZ392,1,0,0
MZ408,1,0,0
MZ409,1,0,0
MZ42,1,0,0
MZ43,1,0,0
MZ436,1,0,0
MZ45,1,0,0
MZ459,1,0,0
MZ46,1,0,0
MZ464,2,0,0
MZ47,1,0,0
MZ48,2,0,0
MZ49,2,0,0
MZ50,1,0,0
MZ51,1,0,0
MZ52,2,0,0
MZ57,2,0,0
MZ58,2,0,0
MZ59,2,0,0
MZ60,2,0,0
MZ61,1,0,0
MZ62,2,0,0
MZ63,1,0,0
MZ64,2,0,0
MZ65,2,0,0
MZ69,1,0,0
MZ70,2,0,0
MZ71,1,0,0
MZ72,2,0,0
MZ80,1,0,0
MZ81,1,0,0
MZ87,1,0,0
MZ93,1,0,0
MZ96,1,0,0
MZ97,2,0,0
MZ99,1,0,0
Q001-01,3,0,0
Q001-04,4,0,0
Q001-99,3,0,0
Q001-ZN01,2,1,1
Q001-ZN02,3,0,0
Q001-ZN03,3,0,0
Q001-ZN04,3,0,0
Q001-ZN05,3,1,0
Q001-ZN06,3,0,0
Q001-ZN07,3,1,1
Q001-ZN08,2,1,1
Q001-ZN09,3,0,0
Q001-ZN10,3,1,1
Q001A-01,3,0,0
Q002,4,1,1
Q003,2,0,0
Q004-01,3,0,0
Q004-ZN01,2,1,1
Q004-ZN02,2,1,1
Q004-ZN03,3,0,0
Q004A,3,1,0
Q005-01,3,0,0
Q005-04,2,0,0
Q005-05,3,1,1
Q005-06,3,0,0
Q005-11,3,0,0
Q005-12,3,0,0
Q005-ZN01,2,0,0
Q005-ZN02,2,0,0
Q005-ZN03,2,1,0
Q005-ZN04,3,0,0
Q005-ZN05,2,1,0
Q006,3,1,0
Q006-01,2,0,0
Q007,2,1,0
Q007-01,3,0,0
Q008-01,3,0,0
Q008-02,2,0,0
Q008-ZN01,2,0,0
Q008-ZN02,3,0,0
Q008-ZN03,2,0,0
Q009-01,2,0,0
Q009-ZN01,3,1,0
Q009-ZN02,2,0,0
Q010A-ZN01,3,1,0
Q010A-ZN02,2,0,0
Q011,2,0,0
Q012-01,3,1,0
Q012-ZN01,3,0,0
Q012-ZN02,2,0,0
Q012-ZN03,2,0,0
Q012B,2,0,0
Q013,3,0,0
Q014,3,1,1
Q015-02,3,0,0
Q015-03,2,0,0
Q015-05,2,0,0
Q015-07,2,1,1
Q015-08,2,0,0
Q015-09,3,0,0
Q015-10,2,0,0
Q015-22,2,0,0
Q015-ZN01,3,0,0
Q015-ZN02,2,1,0
Q015-ZN03,2,0,0
Q015-ZN04,2,0,0
Q015-ZN05,2,0,0
Q015-ZN06,3,1,1
Q015-ZN07,2,0,0
Q015-ZN08,2,1,1
Q015-ZN09,2,0,0
Q015-ZN10,2,0,0
Q015-ZN11,2,0,0
Q015-ZN12,3,1,1
Q015-ZN13,2,1,0
Q015-ZN14,2,0,0
Q015-ZN15,2,0,0
Q017,2,1,1
Q018,1,0,0
Q019,1,0,0
Q020-01,2,0,0
Q020-02,2,0,0
Q020-ZN01,3,0,0
Q020-ZN02,2,0,0
Q020-ZN03,3,0,0
Q020-ZN04,2,1,1
Q020-ZN05,2,1,1
Q020-ZN06,2,1,0
Q021-01,2,0,0
Q021-02,2,0,0
Q021-03,3,0,0
Q021-ZN01,2,0,0
Q021-ZN02,3,1,0
Q021-ZN03,3,1,1
Q021-ZN04,2,0,0
Q021-ZN05,2,0,0
Q021-ZN06,3,1,1
Q021-ZN07,2,0,0
Q021B,3,0,0
Q021C,3,0,0
Q022,2,1,1
Q023,2,1,1
Q023-01,3,0,0
Q024-02,3,0,0
Q024-03,2,0,0
Q024-05,2,0,0
Q024-ZN01,2,0,0
Q024-ZN02,3,0,0
Q024-ZN03,3,0,0
Q024-ZN04,2,0,0
Q024-ZN05,2,0,0
Q024-ZN06,2,0,0
Q025,1,0,0
Q026,3,1,1
Q027-02,3,0,0
Q028,1,0,0
Q028A,3,0,0
Q029,1,0,0
Q030,1,0,0
Q031,2,1,0
Q031A,2,0,0
Q032,1,0,0
Q033,2,0,0
Q034,2,0,0
Q035,1,1,1
Q036A,2,0,0
Q037,1,0,0
Q038,2,0,0
Q040,1,0,0
Q041,3,1,1
Q042,1,0,0
Q043,2,1,0
Q044,3,0,0
Q045,3,0,0
Q046,2,0,0
Q047,1,0,0
Q048,2,1,1
Q048-01,3,0,0
Q050-ZN08A,2,0,0
Q050-ZN08B,2,0,0
Q050-ZN09,2,1,1
Q051,3,1,1
Q051-01,1,0,0
Q052,3,1,0
Q052-01,2,0,0
Q053,3,0,0
Q055,1,0,0
Q056,2,0,0
Q057,1,0,0
Q058,1,0,0
Q059,1,0,0
Q060,1,0,0
Q061,1,0,0
Q062,2,0,0
Q063,2,0,0
Q065,1,0,0
Q066B,2,1,1
Q066C,2,1,1
Q066F,2,1,1
Q066G,1,1,1
Q066H,1,0,0
Q067,1,0,0
Q067A,3,1,1
Q068,1,0,0
Q069,1,0,0
Q070,1,0,0
Q072,1,0,0
Q073,1,0,0
Q075,1,0,0
Q076,2,0,0
Q079,1,0,0
Q080,2,0,0
Q082,2,0,0
Q084-ZN01,3,0,0
Q084B,2,0,0
Q085,3,0,0
Q086,3,1,1
Q086-01,2,1,0
Q089B,3,1,1
Q089B-01,2,0,0
Q090,1,0,0
Q092,3,1,0
Q094,3,1,0
Q094-01,3,0,0
Q094D,3,0,0
Q095,3,0,0
Q096A,1,0,0
Q096B,3,1,1
Q096E,3,0,0
Q098,2,1,0
Q098-01,1,0,0
Q099-01,3,0,0
Q099-15,2,1,0
Q099-16,2,0,0
Q099-17,2,0,0
Q099-18,2,1,1
Q099-20,2,0,0
Q099-54,3,0,0
Q099-55,3,1,1
Q099-ZN01,2,0,0
Q099-ZN02,3,0,0
Q099-ZN03,2,0,0
Q099-ZN05,2,1,1
Q099-ZN06,2,0,0
Q099-ZN07,2,0,0
Q099-ZN08,2,1,1
Q099-ZN09,3,0,0
Q099-ZN10,3,1,0
Q099-ZN11,2,0,0
Q099-ZN12,3,0,0
Q099-ZN13,2,1,1
Q099-ZN14,2,0,0
Q099-ZN15,3,1,1
Q099-ZN16,2,1,0
Q099-ZN17,2,0,0
Q099-ZN18,2,1,1
Q099-ZN19,2,1,0
Q099-ZN20,2,1,0
Q099-ZN21,2,0,0
Q099-ZN22,3,1,0
Q099-ZN23,3,1,0
Q099-ZN24,2,0,0
Q099-ZN25,2,0,0
Q099-ZN26,2,1,1
Q100,1,0,0
Q100A,2,0,0
Q101,3,0,0
Q102-02,2,0,0
Q102-03,2,0,0
Q102-ZN01,3,0,0
Q102-ZN02,3,0,0
Q102-ZN03,2,0,0
Q102-ZN04,2,0,0
Q103,2,0,0
Q104,2,1,1
Q104-01,2,0,0
Q104-02,2,0,0
Q105,3,1,0
Q106,3,0,0
Q107,2,0,0
Q107-01,3,0,0
Q108,2,0,0
Q116,1,0,0
Q118,2,1,0
Q119,2,0,0
Q120,3,1,1
Q121,3,1,0
Q121-01,2,0,0
Q121-02,3,0,0
Q122,2,0,0
Q123,3,1,1
Q124,1,0,0
Q126,3,0,0
Q126-01,2,0,0
Q127,3,1,1
Q128,3,0,0
Q129,3,0,0
Q131,3,0,0
Q131-01,2,0,0
Q133,2,0,0
Q133A,2,0,0
Q133B,1,0,0
Q134,3,1,0
Q135A,1,0,0
Q136,2,0,0
Q137,1,0,0
Q139,1,0,0
Q140,1,0,0
Q141,2,1,0
Q142,2,0,0
Q147,2,0,0
Q148,1,0,0
Q151,1,0,0
Q152,1,0,0
Q157,2,0,0
Q159,2,0,0
Q160,1,0,0
Q162-ZN01A,2,0,0
Q162-ZN01B,2,0,0
Q162-ZN02A,3,0,0
Q162-ZN02B,1,1,1
Q162-ZN02C,2,0,0
Q162-ZN03A,2,0,0
Q162-ZN03B,1,0,0
Q162-ZN04A,2,1,1
Q162-ZN04B,2,0,0
Q162-ZN04C,2,1,1
Q162E,3,0,0
Q162H,3,1,0
Q162J,3,1,1
Q162J01,2,0,0
Q163-19,3,0,0
Q163-20,2,0,0
Q163-21,2,0,0
Q163-ZN05A,2,0,0
Q163-ZN05B,2,0,0
Q163-ZN06A,2,0,0
Q163-ZN06B,3,0,0
Q163-ZN07A,2,0,0
Q163-ZN07B,2,0,0
Q164-ZN10A,2,0,0
Q164-ZN10B,2,1,1
Q164-ZN10C,2,0,0
Q164-ZN11A,2,0,0
Q164-ZN11B,2,0,0
Q164-ZN11C,2,0,0
Q168,2,0,0
Q172,1,0,0
Q173,1,0,0
Q174A,2,1,1
Q177,1,0,0
Q178,2,0,0
Q186,1,0,0
Q190,1,0,0
Q203,1,0,0
Q205A,3,0,0
Q205B,2,0,0
Q206,1,0,0
Q207,3,0,0
Q208,2,0,0
Q209,1,0,0
Q211,2,1,0
Q212,2,0,0
Q213,1,0,0
Q214,1,0,0
Q215,2,1,1
Q217,1,0,0
Q218,2,1,0
Q219-98,1,0,0
Q219-99,2,0,0
Q220B,2,1,0
Q220C,2,1,1
Q220D,1,0,0
Q220E,3,1,1
Q220F,2,0,0
Q220G,2,1,0
Q221,2,0,0
Q222,1,0,0
Q223,2,0,0
Q224,1,0,0
Q225,1,0,0
Q226-01,2,0,0
Q226-02,2,1,1
Q231,1,0,0
Q232,2,0,0
Q243,1,0,0
Q245,1,0,0
Q246,1,0,0
Q257,2,0,0
Q259,3,0,0
Q262,2,0,0
Q266,3,0,0
Q267,1,0,0
Q268,2,0,0
Q275,2,0,0
Q277,1,0,0
Q281,1,0,0
Q283,1,0,0
Q284,1,1,1
Q285,2,1,0
Q289,2,0,0
Q290,2,1,0
Q291,3,0,0
Q293,2,0,0
Q294,2,1,1
Q296,2,1,0
Q298,2,1,1
Q299,2,1,1
Q300-02,2,0,0
Q300-03,3,0,0
Q300-04,2,0,0
Q300-05,2,1,1
Q300-06,2,0,0
Q300-ZN01,2,1,1
Q300-ZN02,2,1,1
Q300-ZN03,2,0,0
Q300A-01,2,0,0
Q300A-ZN01,2,0,0
Q300A-ZN02,2,0,0
Q300A-ZN03,2,0,0
Q300A-ZN04,3,0,0
Q300A1,3,1,0
Q301,2,1,1
Q302,2,0,0
Q303,2,0,0
Q304,2,0,0
Q305,2,1,0
Q306,3,0,0
Q307,2,0,0
Q308,2,0,0
Q310,2,0,0
Q313,2,1,1
Q314,3,0,0
Q316,1,0,0
Q317,3,0,0
Q318,2,0,0
Q319,2,0,0
Q320,2,1,0
Q321,2,0,0
Q322,2,0,0
Q325,2,0,0
Q326,2,1,1
Q327,2,0,0
Q328,2,0,0
Q329,3,0,0
Q330,2,1,0
Q332,2,0,0
Q333,3,1,1
Q334,2,1,0
Q335,2,0,0
Q336,2,0,0
Q337,2,0,0
Q338,2,0,0
Q339,3,1,1
Q340,3,1,1
Q341B,1,0,0
Q341C,1,1,0
Q341D,3,0,0
Q341E,1,0,0
Q341F,1,1,1
Q342,2,0,0
Q343,2,1,0
Q344,2,0,0
Q345,3,1,1
Q346,2,0,0
Q347,2,0,0
Q348,2,0,0
Q349,2,0,0
Q351,3,1,1
Q352,2,0,0
Q353,2,0,0
Q354,2,0,0
Q355,1,0,0
Q356,2,0,0
Q357B,2,0,0
Q357B01,2,0,0
Q357G,2,0,0
Q357I,1,0,0
Q357J,1,0,0
Q358,2,0,0
Q359,2,1,0
Q360E,2,0,0
Q360F,2,0,0
Q360G,2,0,0
Q360H,2,0,0
Q360J,2,0,0
Q360M,3,1,1
Q360N,2,1,0
Q360Q,2,0,0
Q360R,1,0,0
Q360S,1,0,0
Q360T,1,0,0
Q360U,2,0,0
Q361,2,1,1
Q362,2,0,0
Q363,2,0,0
Q364,2,1,0
Q366,2,0,0
Q367,2,0,0
Q369,2,0,0
Q370,2,0,0
Q371,3,1,1
Q371-01,2,0,0
Q373,2,1,1
Q375,2,1,1
Q376,2,0,0
Q377,2,0,0
Q378,2,0,0
Q379,2,1,1
Q381,2,0,0
Q382,2,0,0
Q383,1,0,0
Q385,2,1,1
Q386,2,0,0
Q387A,2,0,0
Q387B,2,0,0
Q387D,1,0,0
Q388,2,0,0
Q389,2,0,0
Q390,3,1,1
Q391,2,1,1
Q392-ZN01,2,1,1
Q393A,1,0,0
Q393C,1,0,0
Q393D,1,0,0
Q393E,1,0,0
Q393F,2,0,0
Q393G,1,0,0
Q393H,1,0,0
Q393I,1,0,0
Q394,2,0,0
Q395,2,0,0
Q396,3,0,0
Q397,2,0,0
Q398,2,0,0
Q399,2,0,0
Q400,2,0,0
Q401,2,0,0
Q402,2,1,1
Q403,2,0,0
Q404,2,1,1
Q405,2,1,1
Q406,3,1,0
Q407,2,0,0
Q408,2,0,0
Q410,2,0,0
Q412,3,1,1
Q413,2,0,0
Q413-02,2,0,0
Q414,2,1,1
Q415,2,0,0
Q416,1,0,0
Q419,3,0,0
Q421,2,0,0
Q422,2,0,0
Q423,2,1,0
Q424,1,0,0
Q425,2,0,0
Q426,2,0,0
Q427,2,0,0
Q428,2,0,0
Q429,2,0,0
Q430,2,1,0
Q434,2,0,0
Q435,2,0,0
Q436,2,0,0
Q437,2,0,0
Q439,3,0,0
Q440,2,1,1
Q443,3,0,0
Q444,2,0,0
Q445,3,0,0
Q445-01,2,0,0
Q447,2,0,0
Q448-01,2,1,1
Q448-99,2,1,0
Q448-ZN01A,2,1,1
Q448-ZN02A,2,1,1
Q448-ZN03,3,0,0
Q450,2,0,0
Q451,1,0,0
Q452,3,0,0
Q453-01,3,0,0
Q456,2,0,0
Q457,2,1,0
Q458-01,2,0,0
Q458-ZN01,2,1,1
Q458-ZN02,2,0,0
Q460,2,0,0
Q461-ZN01,2,0,0
Q461-ZN02,2,0,0
Q462,1,0,0
Q463,3,1,1
Q465,2,1,1
Q467,3,1,1
Q471,2,0,0
Q474,2,0,0
Q476,2,1,0
Q483,2,0,0
Q491,2,0,0
Q492,2,0,0
Q494,1,0,0
QT04,1,0,0
QT05,2,0,0
QT06,2,0,0
QT07,1,0,0
QT08,1,0,0
QT09,2,0,0
QT10,1,0,0
QT14,2,0,0
QT17,2,0,0
QT18,2,0,0
QT19,1,0,0
QT20,2,0,0
QT21,1,0,0
QZ04,1,0,0
QZ100,1,0,0
QZ101,1,0,0
QZ102,1,0,0
QZ103,1,0,0
QZ104,2,0,0
QZ108,1,0,0
QZ11,2,0,0
QZ110,1,0,0
QZ111,1,0,0
QZ112,1,0,0
QZ113,1,0,0
QZ114,1,0,0
QZ116,1,0,0
QZ117,1,0,0
QZ118,1,0,0
QZ120,2,0,0
QZ121,1,0,0
QZ122,1,0,0
QZ124,1,0,0
QZ126,1,0,0
QZ127,1,0,0
QZ128,1,0,0
QZ129,2,0,0
QZ13,1,0,0
QZ130,1,0,0
QZ131,1,0,0
QZ133,2,0,0
QZ134,1,0,0
QZ136,1,0,0
QZ139,1,0,0
QZ14,2,0,0
QZ140,1,0,0
QZ141,1,0,0
QZ142,1,0,0
QZ145,2,0,0
QZ146,1,0,0
QZ147,1,0,0
QZ148,1,0,0
QZ149,2,0,0
QZ15,2,0,0
QZ150,1,0,0
QZ151,2,0,0
QZ152,1,0,0
QZ153,1,0,0
QZ155,2,0,0
QZ156,2,0,0
QZ157,2,0,0
QZ158,2,0,0
QZ159,1,0,0
QZ16,2,1,0
QZ160,1,0,0
QZ161,1,1,0
QZ162,1,0,0
QZ163,2,0,0
QZ165,2,0,0
QZ167,1,0,0
QZ168,1,0,0
QZ169,1,0,0
QZ17,1,0,0
QZ172,1,0,0
QZ173,2,0,0
QZ174,1,0,0
QZ175,1,0,0
QZ176,1,0,0
QZ18,2,0,0
QZ182,1,0,0
QZ183,2,0,0
QZ187,1,0,0
QZ189,1,0,0
QZ19,2,0,0
QZ195,1,0,0
QZ196,1,0,0
QZ20,2,0,0
QZ208,1,0,0
QZ209,1,0,0
QZ226,1,0,0
QZ227,1,0,0
QZ229,1,0,0
QZ230,1,0,0
QZ233,2,0,0
QZ234,1,0,0
QZ235,1,0,0
QZ24,2,0,0
QZ26,1,0,0
QZ27,1,0,0
QZ276,1,0,0
QZ277,1,0,0
QZ278,1,0,0
QZ279,1,0,0
QZ28,1,0,0
QZ280,1,0,0
QZ281,1,0,0
QZ282,1,0,0
QZ283,2,0,0
QZ284,2,0,0
QZ285,1,0,0
QZ286,2,0,0
QZ29,1,0,0
QZ290,1,0,0
QZ291,1,0,0
QZ293,1,0,0
QZ294,1,0,0
QZ295,1,0,0
QZ296,1,0,0
QZ297,1,0,0
QZ298,2,0,0
QZ299,1,0,0
QZ300,1,0,0
QZ301,1,0,0
QZ302,1,0,0
QZ303,1,0,0
QZ31,1,0,0
QZ316,1,0,0
QZ317,2,0,0
QZ318,2,1,1
QZ319,1,0,0
QZ32,1,0,0
QZ323,1,0,0
QZ325,1,0,0
QZ33,1,0,0
QZ34,1,0,0
QZ346,1,0,0
QZ348,1,0,0
QZ349,1,0,0
QZ350,1,0,0
QZ351,1,0,0
QZ352,2,0,0
QZ353,1,0,0
QZ354,1,0,0
QZ355,1,0,0
QZ356,2,0,0
QZ361,1,0,0
QZ362,1,0,0
QZ363,2,0,0
QZ364,1,0,0
QZ37,1,0,0
QZ389,1,0,0
QZ39,1,0,0
QZ390,1,0,0
QZ391,1,0,0
QZ392,1,0,0
QZ393,1,0,0
QZ40,1,0,0
QZ407,1,0,0
QZ408,1,0,0
QZ409,1,0,0
QZ410,1,0,0
QZ411,2,0,0
QZ412,1,0,0
QZ42,1,0,0
QZ421,1,0,0
QZ422,2,0,0
QZ424,1,0,0
QZ425,1,0,0
QZ426,1,0,0
QZ444,1,0,0
QZ445,1,0,0
QZ447,2,0,0
QZ448,1,0,0
QZ449,1,0,0
QZ453,2,0,0
QZ454,1,0,0
QZ455,2,0,0
QZ467,1,0,0
QZ468,2,0,0
QZ469,1,0,0
QZ46A,2,0,0
QZ470,1,0,0
QZ471,1,0,0
QZ473,1,0,0
QZ483,2,0,0
QZ484,2,0,0
QZ485,1,0,0
QZ486,1,0,0
QZ49,1,0,0
QZ50,1,0,0
QZ502,1,0,0
QZ507,1,0,0
QZ51,1,0,0
QZ510,1,0,0
QZ511,1,0,0
QZ512,1,0,0
QZ513,1,0,0
QZ514,1,0,0
QZ515,1,0,0
QZ516,2,1,1
QZ517,1,0,0
QZ518,1,0,0
QZ519,2,0,0
QZ52,1,0,0
QZ522,2,0,0
QZ523,1,0,0
QZ53,1,0,0
QZ533,2,0,0
QZ534,2,0,0
QZ535,1,0,0
QZ54,1,0,0
QZ552,1,0,0
QZ583,1,0,0
QZ584,2,0,0
QZ59,1,0,0
QZ590,2,0,0
QZ591,2,0,0
QZ596,1,0,0
QZ598,1,0,0
QZ600,1,0,0
QZ601,2,0,0
QZ602,1,0,0
QZ607,2,0,0
QZ608,1,0,0
QZ609,2,0,0
QZ610,1,0,0
QZ611,2,0,0
QZ622,1,0,0
QZ623,1,0,0
QZ626,2,0,0
QZ631,1,0,0
QZ632,1,0,0
QZ643,1,0,0
QZ644,2,0,0
QZ65,2,0,0
QZ653,1,0,0
QZ656,1,0,0
QZ657,1,1,1
QZ658,2,0,0
QZ659,1,0,0
QZ66,1,0,0
QZ660,1,0,0
QZ661,1,0,0
QZ664,1,0,0
QZ665,1,0,0
QZ666,1,0,0
QZ667,1,0,0
QZ668,1,0,0
QZ669,2,0,0
QZ68,1,0,0
QZ682,1,0,0
QZ69,2,0,0
QZ693,2,0,0
QZ694,1,0,0
QZ695,2,0,0
QZ696,1,0,0
QZ697,2,0,0
QZ698,1,0,0
QZ699,2,0,0
QZ70,1,0,0
QZ701,1,0,0
QZ71,1,0,0
QZ719,2,0,0
QZ72,1,0,0
QZ73,2,0,0
QZ74,3,0,0
QZ75,2,0,0
QZ76,1,0,0
QZ77,1,0,0
QZ79,2,0,0
QZ80,1,0,0
QZ81,1,0,0
QZ82,1,0,0
QZ823,2,0,0
QZ85,1,0,0
QZ86,1,0,0
QZ90,1,0,0
QZ95,1,0,0
QZ96,2,0,0
QZ98,1,0,0
QZ989,2,0,0
QZ990,1,0,0
R002,2,0,0
R004,1,0,0
R005-01,3,0,0
R005-15,2,0,0
R005-ZN01,3,1,0
R005-ZN02,2,0,0
R005-ZN03,3,0,0
R005-ZN04,2,0,0
R006-01,3,0,0
R006-ZN01,3,1,0
R006-ZN02,3,0,0
R006-ZN03,3,0,0
R006-ZN04,3,1,1
R008,3,0,0
R009,2,0,0
R010,2,0,0
R011,3,1,0
R012,3,0,0
R015,2,0,0
R016-01,3,0,0
R016-ZN01,2,1,0
R016-ZN02,2,0,0
R017-ZN01,3,1,0
R019,2,0,0
R020,1,0,0
R021,2,0,0
R022-04,3,0,0
R022-05,2,0,0
R022-ZN01,2,0,0
R022-ZN02,3,1,1
R024,2,0,0
R025,2,1,0
R026,2,1,0
R027A,3,0,0
R028,3,0,0
R029,3,0,0
R031-08,2,0,0
R031-11,2,0,0
R031-ZN01,3,0,0
R031-ZN02,4,1,1
R031-ZN03,2,0,0
R032,2,0,0
R033,3,1,1
R034,2,0,0
R035,3,1,0
R036,3,1,1
R037,3,0,0
R038,2,0,0
R038A,2,1,1
R042,2,0,0
R045-01,3,1,1
R046-01,2,0,0
R046-05,3,1,0
R046-06,2,0,0
R046-07,3,0,0
R046-ZN01,3,0,0
R046-ZN02,3,0,0
R046-ZN03,3,0,0
R046-ZN04,2,0,0
R046-ZN05,3,0,0
R048,3,1,1
R049,2,0,0
R050,2,0,0
R052,3,0,0
R053,3,0,0
R059,2,0,0
R060,1,0,0
R061,2,1,1
R062,3,1,0
R063,2,1,1
R064,2,0,0
R065-01,3,0,0
R065-02,2,0,0
R065-ZN01,3,0,0
R065-ZN02,3,0,0
R065-ZN03,2,1,0
R065-ZN04,3,1,0
R065-ZN05,2,0,0
R065-ZN06,3,0,0
R065-ZN07,3,0,0
R065-ZN08,3,1,1
R065-ZN09,3,0,0
R065-ZN10A,3,0,0
R065-ZN10B,3,0,0
R065-ZN11,3,1,1
R066,1,0,0
R067,2,0,0
R068,2,1,0
R069,3,1,0
R070,2,0,0
R071,2,0,0
R072,2,1,1
R073,2,0,0
R075A,3,1,1
R075B,2,0,0
R075C,2,0,0
R076,3,1,0
R078,2,0,0
R079,3,0,0
R079-01,2,0,0
R080,2,0,0
R083,1,0,0
R085,2,0,0
R086,2,0,0
R087,2,0,0
R089,3,1,0
R090,2,0,0
R095,2,0,0
R097,2,0,0
R099,2,0,0
R100,2,0,0
R101,2,0,0
R105,3,0,0
R106-01,3,0,0
R106-ZN01,3,0,0
R106-ZN02,2,0,0
R106-ZN03,3,0,0
R107,3,0,0
R109,3,0,0
R109-01,3,0,0
R110,3,0,0
R111,3,0,0
R114,3,0,0
R117,2,0,0
R119-01,2,0,0
R119-ZN01,3,0,0
R119-ZN02,3,0,0
R119-ZN03,2,0,0
R120-ZN01,3,0,0
R120-ZN02,3,0,0
R120-ZN03,3,1,1
R121,3,1,1
R123,2,1,1
R124,3,0,0
R125,2,0,0
R126,2,0,0
R127,2,0,0
R129-01,3,0,0
R135-01,2,0,0
R140,3,1,0
R144,3,0,0
R145,2,0,0
R145-01,2,0,0
R161,2,0,0
R165,2,0,0
RT04,3,0,0
RZ004A,1,0,0
RZ004B,1,0,0
RZ01,1,0,0
RZ012A,1,0,0
RZ012B,1,0,0
RZ012C,1,0,0
RZ012D,1,0,0
RZ012E,1,0,0
RZ013A,1,0,0
RZ013B,1,1,1
RZ013C,2,0,0
RZ013D,1,0,0
RZ02,2,0,0
RZ03,1,0,0
RZ042A,1,0,0
RZ042B,1,0,0
RZ06,1,0,0
RZ076N,1,0,0
RZ076S,1,0,0
RZ101,1,0,0
RZ102,1,0,0
RZ103,2,0,0
RZ104,1,0,0
RZ105,2,0,0
RZ107,1,0,0
RZ111,1,0,0
RZ114,2,0,0
RZ115,1,1,0
RZ117,1,0,0
RZ118,2,0,0
RZ119,1,0,0
RZ120,1,0,0
RZ121,1,0,0
RZ122,1,0,0
RZ123,2,0,0
RZ124,1,0,0
RZ125,1,0,0
RZ126,1,0,0
RZ127,1,0,0
RZ128,1,0,0
RZ129,1,0,0
RZ130,1,0,0
RZ133,2,0,0
RZ134,2,0,0
RZ14,1,0,0
RZ147,2,0,0
RZ155,1,0,0
RZ156,1,0,0
RZ157,1,0,0
RZ158,1,0,0
RZ159,1,0,0
RZ160,1,0,0
RZ161,1,0,0
RZ162,1,0,0
RZ163,1,0,0
RZ166,1,0,0
RZ167,1,1,0
RZ170,1,0,0
RZ171,1,0,0
RZ172,2,0,0
RZ174,1,0,0
RZ175,1,1,0
RZ176,1,0,0
RZ178,2,0,0
RZ179,1,0,0
RZ18,1,0,0
RZ180,1,0,0
RZ181,1,0,0
RZ183,2,0,0
RZ184,1,0,0
RZ185,1,0,0
RZ19,2,0,0
RZ193,2,0,0
RZ20,2,0,0
RZ205,1,0,0
RZ21,1,0,0
RZ211,1,0,0
RZ217,1,0,0
RZ218,1,0,0
RZ219,1,0,0
RZ22,1,0,0
RZ220,1,0,0
RZ221,1,0,0
RZ222,1,0,0
RZ223,1,0,0
RZ23,2,0,0
RZ238,1,0,0
RZ239,1,0,0
RZ24,1,0,0
RZ240,1,0,0
RZ241,2,0,0
RZ244,2,0,0
RZ25,1,0,0
RZ251,1,0,0
RZ252,1,0,0
RZ253,1,0,0
RZ255,1,0,0
RZ258,1,0,0
RZ259,1,0,0
RZ26,1,0,0
RZ262,1,0,0
RZ263,1,0,0
RZ266,1,0,0
RZ267,1,0,0
RZ268,1,0,0
RZ269,1,0,0
RZ27,1,0,0
RZ276,1,0,0
RZ28,1,0,0
RZ286,2,0,0
RZ29,1,0,0
RZ294,1,0,0
RZ31,1,0,0
RZ32,2,0,0
RZ33,1,0,0
RZ34,1,0,0
RZ35,2,0,0
RZ36,1,0,0
RZ38,2,0,0
RZ39,1,0,0
RZ40,1,0,0
RZ41,1,0,0
RZ43,1,0,0
RZ45,2,0,0
RZ46,1,0,0
RZ47,1,0,0
RZ48,1,0,0
RZ49,1,0,0
RZ50,1,0,0
RZ51,1,0,0
RZ52,1,0,0
RZ54,1,0,0
RZ55,1,0,0
RZ56,1,0,0
RZ57,1,0,0
RZ59,1,0,0
RZ62,1,0,0
RZ63,2,0,0
RZ64,1,0,0
RZ67,2,0,0
RZ68,1,0,0
RZ69,1,0,0
RZ70,1,0,0
RZ73,1,0,0
RZ75,2,0,0
RZ81,2,0,0
RZ82,1,0,0
RZ82A,1,0,0
RZ82N,2,0,0
RZ82S,2,0,0
RZ85,1,0,0
RZ87,1,0,0
RZ89,1,0,0
RZ93,1,0,0
RZ94,2,0,0
RZ95,1,0,0
RZ96,1,0,0
RZ97,2,0,0
RZ99,1,0,0
X001-01,3,0,0
X001-ZN01,3,1,1
X001-ZN02,2,1,1
X001A-01,3,1,1
X001B,1,0,0
X002-04,3,0,0
X002-05,2,0,0
X002-05A,2,0,0
X002-07,3,1,1
X002-08,3,0,0
X002-14,2,0,0
X002-ZN01,3,1,1
X002-ZN02,2,0,0
X002-ZN03,2,0,0
X002-ZN04,3,1,1
X002-ZN05A,3,1,1
X002-ZN05B,2,1,1
X002-ZN06,3,1,1
X003-ZN01,2,1,1
X003-ZN02,3,1,1
X003-ZN03,3,1,1
X004-01,3,0,0
X004-02,3,0,0
X004-03,3,0,0
X004-04,3,0,0
X005,1,0,0
X006,2,0,0
X007,2,0,0
X008-01,3,0,0
X008-03,3,0,0
X008-ZN01,3,0,0
X008-ZN02,3,1,1
X008-ZN03,3,1,1
X009,2,0,0
X010-01,3,0,0
X010-02,2,0,0
X010-03,3,0,0
X010-05,2,0,0
X010-06,2,0,0
X010-07,2,0,0
X010-08,3,0,0
X010-10,3,0,0
X010-12,2,0,0
X010-ZN01,3,1,0
X010-ZN02,2,0,0
X010-ZN03,2,1,0
X010-ZN04,3,1,0
X010-ZN05,2,1,1
X010-ZN06,3,0,0
X010-ZN07,2,0,0
X010-ZN08,2,1,1
X010-ZN09,3,1,1
X010-ZN10,2,0,0
X010A,3,1,1
X010A-01,2,1,1
X010A-02,2,1,1
X011-ZN01,2,1,1
X011-ZN02,2,1,1
X012,2,0,0
X013,3,1,1
X013-01,3,0,0
X013-02,2,0,0
X014,2,0,0
X015,3,0,0
X016,2,0,0
X017-01,3,0,0
X017-02,3,1,0
X018,1,0,0
X019,2,1,1
X020,2,1,0
X021,3,0,0
X022,1,0,0
X023,2,0,0
X025,1,0,0
X026,3,1,1
X028,2,1,1
X029,2,0,0
X030-02,3,0,0
X030-99,2,0,0
X030-ZN01,2,0,0
X030-ZN02,3,0,0
X030-ZN03,2,0,0
X031,1,0,0
X032,3,1,1
X033-01,2,0,0
X033-04,2,0,0
X033-10,3,1,0
X033-ZN01,2,1,1
X033-ZN02,2,1,1
X033-ZN03,2,1,1
X033-ZN04,2,1,1
X034-01,3,0,0
X034-06,3,0,0
X034-ZN01,3,0,0
X034-ZN02,2,1,0
X036,2,0,0
X037,2,0,0
X038,2,1,1
X038-01,2,1,1
X038-02,2,1,1
X039-01,2,0,0
X039-02,2,0,0
X039-06K,2,0,0
X039-99,2,0,0
X039-ZN01,2,0,0
X039-ZN02,2,1,0
X039-ZN03,2,0,0
X039-ZN04,2,0,0
X039-ZN05,2,0,0
X039-ZN06,2,1,1
X039-ZN07,2,0,0
X039-ZN08,3,0,0
X039-ZN09,2,1,1
X039-ZN10,2,0,0
X039-ZN11,3,0,0
X039-ZN12,2,0,0
X039-ZN13,2,0,0
X039-ZN14,2,0,0
X039-ZN15,2,0,0
X039-ZN16,2,0,0
X039-ZN17,2,0,0
X039-ZN18,3,0,0
X039-ZN19,3,0,0
X039-ZN20,2,0,0
X039-ZN22,2,0,0
X039-ZN24,2,0,0
X040,2,1,1
X041,3,0,0
X042,2,0,0
X043,1,0,0
X044,2,1,1
X044-01,2,0,0
X045-01,2,1,1
X045-02,3,1,1
X045-03,2,0,0
X045-ZN01,3,0,0
X045-ZN02,2,1,1
X045-ZN03,2,1,1
X046-01,2,0,0
X046-ZN01,2,0,0
X046-ZN02,2,1,0
X047-01,2,0,0
X047-ZN01,2,0,0
X047-ZN02,2,0,0
X049,1,0,0
X051,2,1,1
X052,1,0,0
X053,1,0,0
X055,2,1,0
X056,1,0,0
X057,1,0,0
X058,1,0,0
X059,1,0,0
X060,2,0,0
X061,2,0,0
X062,2,1,0
X063,1,0,0
X064,3,0,0
X065,2,0,0
X067,1,0,0
X068,1,0,0
X069,1,0,0
X070,2,1,0
X071,1,0,0
X073,1,0,0
X077,1,0,0
X078,2,0,0
X079,1,0,0
X080,2,0,0
X080-01,3,0,0
X080-02,2,0,0
X080-03,3,1,0
X081,2,0,0
X082,1,0,0
X084,1,0,0
X085,3,0,0
X086,3,0,0
X087,2,0,0
X088-01,3,0,0
X088-ZN01,2,0,0
X088-ZN02,2,0,0
X090,2,0,0
X092-05,3,0,0
X092-06,3,1,0
X092-09,3,0,0
X092-26,2,0,0
X092-ZN01,3,0,0
X092-ZN02,2,0,0
X092-ZN03,2,1,0
X092-ZN04,3,0,0
X092-ZN05,2,0,0
X092-ZN06,2,0,0
X092-ZN07,2,0,0
X092-ZN08,2,0,0
X092-ZN09,2,1,1
X092-ZN10,3,0,0
X092-ZN11,2,1,0
X092-ZN12,2,1,1
X092-ZN14,2,1,1
X092-ZN15,3,0,0
X092-ZN16,2,1,1
X092-ZN18,2,0,0
X092-ZN19,3,0,0
X092-ZN20,3,0,0
X092-ZN21,3,0,0
X092-ZN22,2,1,1
X093,2,0,0
X095,1,0,0
X096,1,0,0
X101A,2,0,0
X102,3,1,1
X103,2,0,0
X104,2,1,1
X104-01,2,0,0
X104-02,2,0,0
X104-03,2,0,0
X105,3,1,1
X106,3,0,0
X107,2,0,0
X108,3,0,0
X110A,2,0,0
X110B,2,0,0
X110C,1,0,0
X110D,1,0,0
X111,3,1,1
X112,3,1,1
X113,2,0,0
X114,2,0,0
X115,3,1,1
X116,2,1,1
X118-01,2,0,0
X118-02,2,1,1
X118-ZN01,2,0,0
X118-ZN02,2,0,0
X118-ZN03,2,0,0
X118-ZN04,3,0,0
X118-ZN05,2,0,0
X118-ZN06,2,0,0
X119,2,0,0
X120,2,0,0
X121,3,0,0
X122,3,1,1
X123,3,1,0
X124,2,0,0
X126-ZN01,3,0,0
X126-ZN02,2,0,0
X126-ZN03,2,0,0
X126-ZN04,2,0,0
X129,1,0,0
X130,2,0,0
X131,2,0,0
X133,1,0,0
X134,1,0,0
X136,2,0,0
X136-01,2,0,0
X137,2,1,1
X138,2,0,0
X139,1,0,0
X141,2,0,0
X142-ZN01,2,1,1
X142-ZN02,2,0,0
X146,2,0,0
X147A-01,2,0,0
X147A-ZN01,2,0,0
X147A-ZN02,2,0,0
X147B,2,0,0
X148A2,2,1,0
X148A3,2,0,0
X148B2,2,0,0
X148C1,2,0,0
X148C3,2,0,0
X148C5,2,0,0
X148C7,2,1,1
X148D1,2,0,0
X148E,2,0,0
X148H,2,1,1
X148H1,2,1,1
X148H2,1,0,0
X148I3,1,0,0
X148J2,2,1,0
X148K1,2,0,0
X148K2,2,0,0
X148K3,2,0,0
X148K4,1,0,0
X148L,2,0,0
X148L1,1,0,0
X148M,1,0,0
X148M1,2,0,0
X149,1,0,0
X150E,2,1,1
X150G,1,1,0
X150H,2,0,0
X150I,2,0,0
X150J-01,2,0,0
X150L,3,1,0
X151,3,0,0
X152,2,0,0
X153-01,2,0,0
X153-02,2,0,0
X154,3,0,0
X155,2,1,1
X156,2,0,0
X157,3,1,1
X158,2,1,1
X159,3,0,0
X160,2,0,0
X161,3,0,0
X162,2,1,0
X163,2,0,0
X164,2,1,1
X165,2,0,0
X166,2,1,1
X168,2,0,0
X169,2,0,0
X170,2,0,0
X171,3,1,0
X172,3,1,1
X174,2,0,0
X175,2,0,0
X176,2,0,0
X177,3,0,0
X178,2,0,0
X179,2,0,0
X180,1,0,0
X182,2,0,0
X183,2,0,0
X185,2,0,0
X186,2,1,0
X187-01,2,0,0
X187-02,1,0,0
X188,2,0,0
X190,2,1,1
X191A,2,0,0
X193,2,0,0
X194,3,0,0
X195A,2,0,0
X196,3,1,0
X196-02,3,0,0
X197,2,1,0
X200,3,0,0
X201,2,0,0
X201-01,2,0,0
X202,3,1,1
X203,3,0,0
X204,2,0,0
X205,2,0,0
X206,2,0,0
X207,2,0,0
X208,3,0,0
X211,2,0,0
X214,3,0,0
X216,2,1,0
X217,2,0,0
X219,2,0,0
X221,3,1,0
X222,2,1,1
X224,2,0,0
X228,2,0,0
X232,2,0,0
X233,3,0,0
X235,3,0,0
X238,3,0,0
X239,2,0,0
X242,2,1,0
X243,2,1,1
X244,1,0,0
X247,2,0,0
X248,2,0,0
X251,2,0,0
X252,3,1,1
X253,2,0,0
X255,2,0,0
X256,2,0,0
X257,2,1,1
X258,2,1,1
X259,2,1,1
X260,2,1,1
X261,2,1,1
X262,3,0,0
X263,2,1,1
X264,2,0,0
X265,2,1,1
X266,2,1,1
X267,2,0,0
X268,2,1,1
X269,2,1,1
X271,2,1,1
X272,3,1,0
X273,2,0,0
X274,2,1,1
X278,1,0,0
X280,2,0,0
X281,2,0,0
X282,2,0,0
X283,2,0,0
X284,2,0,0
X286,3,0,0
X287,2,0,0
X289,3,1,1
X291,3,0,0
X292,2,1,1
X295,2,0,0
X299,2,0,0
X300,2,0,0
X302,2,0,0
X305,2,0,0
X307,3,1,0
X334,2,1,1
X336,2,0,0
X344,2,1,1
X348-01,2,0,0
X348-02,2,0,0
XZ01,1,0,0
XZ03,1,0,0
XZ04,1,0,0
XZ05,1,0,0
XZ06,1,0,0
XZ07,2,0,0
XZ08,1,0,0
XZ09,1,0,0
XZ10,1,0,0
XZ100,1,0,0
XZ106,1,0,0
XZ107,1,0,0
XZ108,1,0,0
XZ11,1,0,0
XZ118,2,0,0
XZ119,1,0,0
XZ120,2,0,0
XZ121A,1,1,0
XZ121B,2,0,0
XZ121C,1,0,0
XZ123,1,0,0
XZ125,2,0,0
XZ126,1,0,0
XZ127,1,0,0
XZ128,1,0,0
XZ129,1,0,0
XZ13,2,0,0
XZ130,2,0,0
XZ131,1,0,0
XZ132,1,0,0
XZ133,1,0,0
XZ135,1,0,0
XZ139,2,0,0
XZ14,1,0,0
XZ140,1,0,0
XZ146,2,0,0
XZ147,3,0,0
XZ148,1,0,0
XZ15,1,0,0
XZ152,1,0,0
XZ153,2,0,0
XZ157,1,0,0
XZ158,1,0,0
XZ16,1,1,0
XZ162,1,0,0
XZ17,2,0,0
XZ170,1,0,0
XZ171,2,0,0
XZ172,1,0,0
XZ173,1,0,0
XZ174,1,0,0
XZ176,1,0,0
XZ177,2,0,0
XZ178,1,0,0
XZ18,2,0,0
XZ181,2,0,0
XZ182,2,0,0
XZ183,1,0,0
XZ186,1,0,0
XZ187,1,0,0
XZ188,1,0,0
XZ189,1,0,0
XZ19,1,0,0
XZ190,2,0,0
XZ197,2,0,0
XZ20,1,0,0
XZ203,1,0,0
XZ204,1,0,0
XZ205,2,0,0
XZ208,1,0,0
XZ209,1,0,0
XZ21,1,0,0
XZ210,1,0,0
XZ212,1,0,0
XZ213,1,0,0
XZ214,1,0,0
XZ215,2,0,0
XZ217,1,0,0
XZ22,1,0,0
XZ227,1,0,0
XZ229,1,0,0
XZ23,2,0,0
XZ231,1,0,0
XZ232,1,0,0
XZ237,1,0,0
XZ239,3,1,0
XZ24,1,0,0
XZ240,2,0,0
XZ25,3,0,0
XZ254,1,0,0
XZ255,1,0,0
XZ256,1,0,0
XZ257,2,0,0
XZ258,1,0,0
XZ26,1,0,0
XZ260,1,0,0
XZ261,1,0,0
XZ262,2,0,0
XZ263,1,0,0
XZ264,2,0,0
XZ265,2,0,0
XZ266,1,0,0
XZ267,1,0,0
XZ268,2,0,0
XZ269,1,1,0
XZ27,1,0,0
XZ270,1,0,0
XZ273,1,0,0
XZ274,1,0,0
XZ275,2,1,0
XZ277,1,0,0
XZ278,2,0,0
XZ28,1,0,0
XZ280,1,0,0
XZ281,2,0,0
XZ282,2,0,0
XZ283,1,0,0
XZ284,1,0,0
XZ285,1,0,0
XZ286,1,0,0
XZ287,1,1,0
XZ29,1,1,0
XZ293,1,0,0
XZ294,1,0,0
XZ295,1,0,0
XZ30,1,0,0
XZ301,1,0,0
XZ304,1,0,0
XZ306,2,0,0
XZ307,3,0,0
XZ308,1,0,0
XZ309,2,0,0
XZ31,1,0,0
XZ310,2,1,0
XZ311,1,1,0
XZ312,2,0,0
XZ313,1,0,0
XZ32,2,0,0
XZ323,2,0,0
XZ324,1,0,0
XZ33,1,0,0
XZ331,1,0,0
XZ333,1,0,0
XZ334,1,0,0
XZ335,1,0,0
XZ336,2,0,0
XZ337,1,0,0
XZ338,2,0,0
XZ339,1,0,0
XZ34,2,0,0
XZ340,1,0,0
XZ341,1,0,0
XZ342,2,0,0
XZ343,2,1,0
XZ344,1,0,0
XZ345,1,0,0
XZ346,1,0,0
XZ347,1,0,0
XZ348,1,0,0
XZ349,2,0,0
XZ35,1,0,0
XZ350,1,0,0
XZ351,1,0,0
XZ352,1,0,0
XZ353,1,0,0
XZ354,1,0,0
XZ355,2,0,0
XZ357,3,0,0
XZ358,1,0,0
XZ36,1,0,0
XZ362,1,0,0
XZ363,1,0,0
XZ37,2,0,0
XZ38,2,0,0
XZ386,2,0,0
XZ387,1,0,0
XZ39,1,0,0
XZ40,1,0,0
XZ404,1,0,0
XZ41,1,0,0
XZ42,2,0,0
XZ43,1,0,0
XZ44,1,0,0
XZ45,1,0,0
XZ458,1,0,0
XZ46,1,0,0
XZ467,2,0,0
XZ469,2,0,0
XZ47,1,0,0
XZ475,2,0,0
XZ48,2,1,0
XZ482,1,0,0
XZ489,2,1,1
XZ49,1,0,0
XZ50,1,0,0
XZ51,1,0,0
XZ52,1,0,0
XZ53,1,0,0
XZ54,1,0,0
XZ55,2,0,0
XZ56A,1,0,0
XZ56B,1,0,0
XZ57,2,0,0
XZ58,1,0,0
XZ60,2,0,0
XZ64,1,0,0
XZ66,2,1,0
XZ67,2,0,0
XZ69,1,0,0
XZ70,1,0,0
XZ74,1,0,0
XZ76,1,0,0
XZ79,1,0,0
XZ94,1,1,0
XZ99,1,0,0
